country1,Afghanistan,Albania,Algeria,American Samoa,Andorra,Angola,Anguilla,Antarctica,Antigua and Barbuda,Argentina,Armenia,Aruba,Australia,Austria,Azerbaijan,Bahamas,Bahrain,Bangladesh,Barbados,Belarus,Belgium,Belize,Benin,Bermuda,Bhutan,Bolivia,Bosnia and Herzegovina,Botswana,Bouvet Island,Brazil,British Indian Ocean Territory,British Virgin Islands,Brunei,Bulgaria,Burkina Faso,Burma,Burundi,Cambodia,Cameroon,Canada,Cape Verde,Cayman Islands,Central African Republic,Chad,Chile,China,Christmas Island,Cocos (Keeling) Islands,Colombia,Comoros,Cook Islands,Costa Rica,Cote d'Ivoire,Croatia,Cuba,Curaçao,Cyprus,Czechia,Democratic Republic of the Congo,Denmark,Djibouti,Dominica,Dominican Republic,Ecuador,Egypt,El Salvador,Equatorial Guinea,Eritrea,Estonia,Eswatini,Ethiopia,Falkland Islands,Faroe Islands,Fiji,Finland,France,French Guiana,French Polynesia,French South Antarctic Territory,Gabon,Gambia,Gaza Strip,Georgia,Germany,Ghana,Gibraltar,Greece,Greenland,Grenada,Guadeloupe,Guam,Guatemala,Guernsey,Guinea,Guinea-Bissau,Guyana,Haiti,Heard Island and McDonald Islands,Honduras,Hong Kong,Hungary,Iceland,India,Indonesia,Iran,Iraq,Ireland,Isle of Man,Israel,Italy,Jamaica,Japan,Jersey,Jordan,Kazakhstan,Kenya,Kiribati,Kosovo,Kuwait,Kyrgyzstan,Laos,Latvia,Lebanon,Lesotho,Liberia,Libya,Liechtenstein,Lithuania,Luxembourg,Macau,Madagascar,Malawi,Malaysia,Maldives,Mali,Malta,Marshall Islands,Martinique,Mauritania,Mauritius,Mayotte,Mexico,Micronesia,Moldova,Monaco,Mongolia,Montenegro,Montserrat,Morocco,Mozambique,Namibia,Nauru,Nepal,Netherlands,New Caledonia,New Zealand,Nicaragua,Niger,Nigeria,Niue,Norfolk Island,North Korea,North Macedonia,Northern Mariana Islands,Norway,Oman,Pakistan,Palau,Palestine,Panama,Papua New Guinea,Paraguay,Peru,Philippines,Pitcairn Islands,Poland,Portugal,Puerto Rico,Qatar,Republic of the Congo,Romania,Russia,Rwanda,Réunion,Saint Helena,Saint Kitts and Nevis,Saint Lucia,Saint Pierre and Miquelon,Saint Vincent and the Grenadines,Samoa,San Marino,Sao Tome and Principe,Saudi Arabia,Senegal,Serbia,Seychelles,Sierra Leone,Singapore,Slovakia,Slovenia,Solomon Islands,Somalia,South Africa,South Georgia and the South Sandwich Islands,South Korea,Spain,Sri Lanka,Sudan,Suriname,Svalbard and Jan Mayen,Sweden,Switzerland,Syria,Taiwan,Tajikistan,Tanzania,Thailand,Timor-Leste,Togo,Tokelau,Tonga,Trinidad and Tobago,Tunisia,Turkey,Turkmenistan,Turks and Caicos Islands,Tuvalu,U.S. Virgin Islands,Uganda,Ukraine,United Arab Emirates,United Kingdom,United States,Uruguay,Uzbekistan,Vanuatu,Vatican City,Venezuela,Vietnam,Wallis and Futuna,Western Sahara,Yemen,Zambia,Zimbabwe
Afghanistan,0.0,4223.4,6235.4,13843.0,5718.7,7260.0,12236.7,13028.7,12240.5,15667.9,2122.5,13197.3,9572.8,4636.5,1913.5,12513.4,1868.5,2477.6,12380.4,3803.8,5355.1,13813.2,7172.7,11149.0,2284.1,14796.7,4406.5,7716.6,11558.2,13608.7,4479.9,12329.9,5842.1,3776.3,7356.4,3068.9,5723.9,4450.8,6380.3,10008.1,9190.6,13206.0,5675.2,5303.5,16318.9,3322.3,6344.7,5964.0,14178.5,5663.9,15177.8,14313.3,8004.4,4596.3,12866.9,13159.3,3134.2,4571.7,6395.4,5014.2,3535.3,12342.2,12671.1,14997.9,3613.8,14173.7,6944.6,3489.7,4166.4,7709.1,3909.6,15395.2,5950.9,13008.0,4283.1,5585.6,12544.3,15921.1,9219.1,6996.7,8553.8,3133.1,2318.3,4930.9,7562.6,6504.1,4106.2,7122.8,12611.0,12265.4,8008.0,14029.0,5872.1,8243.6,8638.9,12966.2,12783.8,9657.0,13910.6,4690.8,4261.8,6493.6,1848.7,6166.3,1317.3,2227.2,6170.4,5914.5,3091.6,4844.5,13160.6,6290.0,5845.0,2976.9,1565.1,4879.4,13284.4,4152.1,1982.8,1018.4,3767.3,4121.3,2933.8,8168.5,8430.5,4888.0,5015.4,4105.0,5243.6,4648.4,6237.9,6309.1,4836.7,3450.5,7278.7,4815.9,10801.5,12378.3,7724.6,6103.7,5700.3,13550.1,8897.0,3598.3,5228.9,3348.1,4276.7,12294.7,6839.4,6748.5,8173.1,10897.3,1678.7,5284.8,11985.3,13715.2,14089.6,6161.4,6604.5,14132.9,12624.1,5259.8,4088.2,7839.9,5122.1,1799.0,424.2,7417.9,3032.3,14254.7,9146.7,14698.4,15332.1,5919.7,18231.6,4335.2,6611.5,12480.2,1858.0,6595.3,3835.1,4060.5,5607.7,6228.0,10428.8,12287.3,12433.1,9446.8,12529.8,13631.8,4824.2,7365.7,2464.4,8413.3,4139.4,4463.5,8525.0,5208.2,4257.0,4606.7,10829.9,3885.6,8549.1,13883.5,5402.9,6211.5,3182.8,4448.4,12792.4,5305.4,4564.8,5119.6,2633.8,5261.6,632.8,5644.0,3885.8,7735.8,7351.6,13366.5,13750.5,12705.4,5302.7,2947.3,919.0,12509.4,12291.0,12354.7,5155.1,3416.8,1783.8,5826.1,11956.1,14823.5,870.2,11793.6,4853.3,13455.9,4635.6,13166.5,7725.4,2803.3,6705.2,7145.6
Albania,4223.4,0.0,2227.6,16864.4,1546.5,5801.3,8144.7,12997.5,8119.3,12234.9,2101.0,9117.2,13742.3,836.5,2311.4,8814.8,3269.7,6697.1,8200.6,1512.3,1596.7,10250.6,3942.0,7345.4,6464.8,10677.4,368.7,7043.3,10710.6,9599.7,7437.9,8260.6,10063.5,474.5,3841.2,7278.0,5029.2,8672.3,3821.9,8111.0,5065.1,9463.7,3827.3,2851.7,12630.0,7057.5,10396.8,9806.0,10053.0,6356.6,17795.6,10446.9,4509.5,596.2,9098.8,9063.1,1339.1,1030.0,5006.8,1849.7,3918.3,8198.2,8690.6,10845.0,1865.6,10544.2,4486.9,3445.3,1969.7,7582.6,4072.1,12844.1,2931.4,16637.9,2341.0,1549.2,8327.0,17220.4,11115.4,4726.4,4608.6,1668.6,1927.5,1339.8,4233.4,2280.8,270.6,4777.4,8438.8,8146.4,11719.3,10491.6,1998.3,4532.5,4736.7,8744.2,8845.7,11627.8,10230.4,8721.0,669.8,3622.8,5942.0,10383.8,3122.3,2256.3,2519.3,2336.5,1729.4,639.3,9309.3,9374.0,1958.1,1860.4,3730.7,4898.9,15726.2,172.1,2795.2,4502.4,7957.3,1777.8,1603.2,7878.4,4838.8,1665.8,1078.7,1582.2,1455.6,8690.2,7184.1,6196.9,9018.4,6751.4,3487.9,767.9,13899.2,8223.2,3681.1,7827.2,6506.4,10722.9,12633.5,954.0,1087.0,6413.9,184.9,8173.9,2640.6,6809.9,7099.6,14406.9,5889.1,1663.0,16071.0,17903.7,10327.2,2854.8,3729.6,17377.7,16816.1,8386.2,141.3,11427.8,2293.7,3996.9,4541.4,11448.8,1687.5,10296.8,13266.2,10796.5,11110.6,10026.3,16514.8,1199.3,2411.9,8434.9,3352.4,4603.7,658.2,5853.2,4872.5,7802.0,7873.4,8180.7,8270.6,5912.8,8361.4,16746.0,704.6,4738.6,3004.5,4459.9,325.4,6217.3,4799.0,9380.6,836.0,694.3,14767.4,4756.2,7944.9,11887.7,8735.0,2013.2,6990.6,3284.3,8569.9,4057.7,2113.4,1144.3,1793.4,9158.9,4308.0,5472.4,8106.9,11958.4,4078.5,16248.6,17364.9,8518.2,1236.7,1307.2,3340.5,8613.7,15628.9,8287.6,4571.5,1182.2,3696.9,2339.4,9168.5,11270.0,3680.3,15731.4,649.0,9274.0,8839.6,16540.6,3591.8,3936.4,6062.0,6725.4
Algeria,6235.4,2227.6,0.0,18266.0,1610.1,4679.7,6645.5,11457.8,6570.2,10007.7,4175.3,7578.2,15282.9,2434.9,4391.8,7738.2,4834.9,8692.8,6521.9,3568.7,2506.0,9148.3,2074.1,6311.7,8519.1,8568.8,2270.2,6097.1,9136.8,7430.0,8430.9,6790.7,12012.3,2694.2,1780.6,9294.6,4609.0,10636.8,2549.5,8492.6,2957.3,8282.0,3123.4,2244.5,10420.1,9258.8,11925.6,11147.0,8398.3,6338.9,18006.0,9064.3,2391.9,2241.5,7925.9,7503.0,3102.0,2688.7,4152.1,3197.3,4616.8,6600.4,7315.1,9113.8,2877.9,9358.1,3060.1,4174.9,3844.0,6827.0,4571.1,10662.7,3815.9,18715.4,4163.9,2019.8,6375.2,16855.5,10866.8,3363.5,2388.8,3169.6,4066.0,2672.5,2241.3,1115.0,2229.3,5548.8,6768.3,6599.6,13946.6,9384.0,2406.7,2328.7,2511.1,6881.8,7510.6,11339.1,9032.6,10872.3,2630.3,4355.3,7762.9,12234.2,4983.4,4042.4,2933.5,2953.6,3222.6,1826.6,8033.1,11571.8,2373.6,3358.1,5946.8,4957.3,17093.8,2371.4,4452.1,6665.7,10000.6,3679.5,3315.7,6978.0,2662.3,1553.1,2232.1,3503.9,2447.9,10836.7,7107.5,5766.4,10804.9,8038.3,1295.5,1485.1,15955.7,6601.0,1493.9,8050.2,6513.1,10088.9,14861.1,3159.8,1818.4,8641.0,2280.3,6622.3,941.8,6325.2,5924.6,16584.7,7911.0,2692.9,18220.7,18451.6,9049.3,1328.9,2223.2,18698.6,18684.4,10601.3,2365.2,13653.8,3641.0,5491.9,6485.1,13615.1,3255.6,8834.4,15381.9,8603.9,9204.5,12145.6,14972.4,3025.9,1556.2,6989.6,4904.1,3473.9,2852.8,7989.7,4484.0,7945.5,5908.1,6654.2,6630.0,5395.7,6703.1,18300.4,2011.8,3126.6,4350.3,2240.8,2474.8,6808.8,2586.0,11137.0,2765.4,2326.8,16984.7,5340.5,6867.1,9845.2,10959.6,1465.3,8540.9,3406.5,6653.5,5625.7,3791.2,2162.4,3607.1,11352.2,6429.1,5218.6,10080.5,13812.0,2150.8,17789.1,19184.7,6806.3,993.2,3324.6,5423.0,7347.4,17650.6,6819.4,4396.7,3394.0,5223.0,3064.7,8787.0,9043.3,5821.7,17954.7,1823.8,7546.7,10857.6,18419.9,1513.8,5005.9,5359.0,5989.1
American Samoa,13843.0,16864.4,18266.0,0.0,16772.4,17054.3,12274.5,10047.0,12388.1,10421.4,15561.5,11431.7,5961.9,16292.5,15368.0,10945.2,15596.3,11593.6,12556.6,15352.3,15956.1,9616.6,19036.6,12281.4,11652.1,11277.4,16635.9,15649.0,12368.1,12530.0,12817.8,12113.9,8546.9,16516.2,18776.0,10992.4,17071.9,9816.7,19197.0,9776.0,16392.2,10492.5,18547.3,19071.8,9854.1,10547.6,9115.1,10004.9,10770.1,15288.0,1340.9,9896.0,18189.6,16549.8,10825.5,11521.6,16715.3,16029.2,17600.4,15344.2,16478.8,12403.9,11545.4,10178.1,17443.3,9472.2,18607.5,16814.7,14926.9,14928.2,16651.8,10130.0,14551.6,1150.5,14565.3,16390.0,13036.9,2249.1,10879.6,18326.1,17313.5,16892.8,15547.4,15911.4,18648.0,17153.3,17019.6,12756.6,12317.9,12358.5,5837.4,9395.4,15940.6,17852.6,17306.1,12435.1,11330.6,10412.2,9789.6,9199.2,16249.9,13964.9,12709.8,8480.3,15158.7,16016.4,15381.0,15396.4,16866.7,16934.0,10793.1,7784.1,15978.1,16776.8,13610.3,16560.4,1215.4,16692.3,15821.0,13138.9,10278.3,15114.3,16619.3,14767.6,17749.0,18471.0,16356.4,15308.4,16047.5,9247.5,14561.3,15953.5,9905.1,12978.4,18504.9,17562.7,3140.2,12426.4,17703.1,13553.1,15112.2,8461.9,4961.0,15952.8,16727.9,10856.2,16724.5,12341.5,17418.6,15412.3,15781.5,2947.9,12280.2,15784.6,2673.2,3289.8,9830.3,19594.0,19416.8,530.1,2787.3,8822.5,16767.2,6007.6,14874.3,15104.4,13719.0,6563.1,16783.3,10179.2,5096.7,11505.2,10313.1,8085.0,4608.3,15747.3,16711.3,11906.9,15551.6,18275.7,16221.1,11102.4,17180.5,13681.0,15241.7,12289.6,12417.4,12964.8,12366.4,220.5,16705.7,18407.1,16187.6,17413.5,16542.9,14576.9,17586.8,9628.2,16085.2,16437.3,3273.8,15928.3,14851.9,11226.1,8566.6,16817.5,12282.0,17828.1,12723.7,12927.2,14864.0,16392.0,16319.6,8590.0,13463.6,16439.2,10325.8,7001.7,18858.8,616.0,934.3,12325.6,17830.9,16317.4,14457.8,11436.6,1552.9,12085.6,17178.5,15749.6,15306.5,15301.8,9624.9,11336.0,13976.2,2467.7,16931.4,11648.3,9517.1,760.8,17400.2,15879.8,16392.1,15766.2
Andorra,5718.7,1546.5,1610.1,16772.4,0.0,6178.6,6599.3,13067.8,6576.6,11125.6,3608.0,7571.9,15277.2,1158.2,3809.8,7304.6,4800.8,8172.2,6672.2,2300.7,911.4,8745.9,3683.7,5830.9,7909.7,9311.5,1312.8,7564.1,10746.7,8328.4,8898.4,6714.3,11528.8,1952.4,3372.8,8736.5,5830.7,10143.6,4038.1,7161.5,3822.4,7940.8,4412.8,3420.3,11406.2,8312.3,11942.9,11344.6,8513.5,7407.8,17079.3,8905.7,3941.6,1128.6,7575.1,7518.9,2864.5,1338.2,5545.6,1627.3,5216.5,6659.2,7146.0,9312.0,3169.0,9026.8,4611.6,4737.3,2411.9,8238.7,5294.3,11996.9,2225.4,17117.8,2681.2,412.0,6881.3,16128.0,12127.9,4905.1,3613.3,3141.9,3400.6,1170.2,3842.2,929.3,1744.8,4024.8,6907.8,6603.4,12760.6,8987.6,834.3,3776.6,3774.7,7256.4,7303.7,12626.2,8709.3,10045.1,1501.0,2811.6,7475.1,11883.2,4665.1,3801.1,1411.3,1376.1,3203.9,908.0,7773.9,10240.8,795.5,3343.1,5005.9,5948.7,15560.6,1581.2,4333.0,5875.4,9392.7,2279.8,3127.7,8442.5,4146.5,2293.3,811.0,2138.0,880.0,10021.3,8222.7,7024.0,10542.7,8268.6,2819.3,1322.3,14403.3,6686.8,2660.5,9019.8,7572.8,9347.7,13643.7,2167.7,491.2,7499.2,1455.4,6631.2,1419.7,7618.8,7457.0,15126.1,7359.5,1101.3,17183.7,19433.0,8795.8,2832.2,3771.9,17280.0,18076.9,9339.1,1666.2,12412.6,2047.9,5525.3,6057.4,12708.9,3181.3,8751.1,14557.8,9552.4,9617.8,11371.8,14984.7,1680.9,897.1,6888.4,4882.5,4947.3,1896.8,6608.8,5686.6,8958.2,7479.7,6636.5,6736.3,4504.4,6829.0,16757.2,894.6,4718.5,4486.7,3469.4,1579.8,7532.0,3997.6,10908.6,1562.0,1138.9,15807.7,6035.4,8384.1,11343.0,9747.1,502.9,8536.2,4292.0,7104.6,4027.7,2273.1,707.6,3336.4,10402.4,5732.7,6379.2,9579.1,13442.1,3759.9,16229.4,17616.1,6993.5,1184.9,2849.6,4813.8,7076.5,16058.8,6741.3,5491.1,2384.7,5226.9,1472.9,7864.0,10165.9,5097.8,16687.1,898.1,7747.6,10281.3,16812.2,2431.5,5364.9,6723.5,7379.3
Angola,7260.0,5801.3,4679.7,17054.3,6178.6,0.0,9463.4,7202.3,9302.1,8508.5,6331.2,10053.3,11994.3,6511.9,6458.1,11060.8,5428.6,8774.4,8964.9,7255.8,6959.0,12102.3,2848.0,9991.1,8911.2,8773.1,6103.4,1428.7,4961.1,7560.5,5958.4,9630.2,10862.0,6022.3,3366.8,9272.5,1586.2,9977.1,2142.9,13115.0,5508.4,11301.4,1999.0,2949.6,9242.8,10406.7,9560.3,8579.2,10352.3,2836.0,16406.7,11481.5,3320.5,6240.8,11044.8,9950.1,5383.4,6763.5,900.7,7517.1,3735.4,9214.8,10207.6,10639.8,4432.8,12100.8,1652.1,3787.9,7763.5,2215.8,3366.4,8170.7,8387.3,16330.0,8136.5,6550.3,8037.9,16522.0,6327.8,1342.5,4567.1,5025.6,6472.0,6946.7,2977.4,5779.2,5580.7,10200.9,9158.4,9328.4,14267.3,12269.4,7012.6,3844.6,4453.1,8688.9,10432.2,6758.9,11836.8,11117.9,6466.2,8989.9,7553.0,10661.5,6149.7,5627.5,7577.1,7553.6,5014.8,5901.4,10937.7,13460.4,6974.1,5024.3,8146.1,2537.2,18239.5,5965.5,5495.8,8220.0,9881.2,7570.9,5338.0,2303.9,3598.6,4153.4,6517.3,7376.5,6856.0,11057.2,3224.2,1801.5,9466.1,6332.0,3988.8,5230.4,17069.5,9158.4,4757.1,4358.6,2976.1,13598.7,14825.7,6575.1,6176.8,10606.3,5971.2,9334.3,5451.6,2069.2,1302.6,16372.4,8360.2,7120.4,15013.2,13773.7,11690.9,3363.5,2463.6,16553.1,14522.3,12472.9,5860.5,14346.3,7989.4,5512.5,7174.4,13083.7,5121.3,11137.2,13755.1,8142.0,10133.1,11779.1,14544.4,6994.3,6219.8,9826.6,5422.9,1234.6,6368.4,10957.2,1675.2,4162.9,3279.0,9411.8,9134.6,9737.7,9143.3,17036.1,6130.9,1771.4,4881.5,4560.6,6122.8,4206.2,3938.5,9604.5,6634.1,6358.3,15260.0,3621.9,2206.2,6745.7,12524.5,6138.9,7277.9,2990.5,8351.8,9857.8,7907.5,6497.5,5558.2,11831.9,7829.4,1946.1,9630.8,11744.7,2893.0,17533.0,16151.7,9078.4,5067.5,5838.8,7036.5,10436.7,17002.1,9654.5,2116.7,6728.6,5478.9,7642.3,12845.6,7823.1,7534.7,15522.1,5905.9,9554.8,10358.2,16790.7,5151.4,4490.2,1106.4,1488.2
Anguilla,12236.7,8144.7,6645.5,12274.5,6599.3,9463.4,0.0,11223.6,186.3,6269.3,10180.3,972.6,18120.7,7614.9,10370.6,1662.6,11350.9,14551.3,672.4,8461.0,6881.6,2697.8,7106.2,1571.3,14199.9,3817.6,7896.6,10546.5,10206.1,3792.3,14974.6,167.6,17475.7,8542.8,6612.9,15017.3,10448.9,16359.2,8227.6,5540.7,4156.0,1848.6,9158.6,8646.2,6031.6,13870.9,18538.9,17776.9,1942.6,12193.9,11402.5,2420.5,6329.4,7686.2,1582.9,924.0,9435.2,7666.0,9610.8,7266.3,11219.5,359.4,751.4,2768.1,9487.1,2804.8,8198.5,10801.5,8185.8,11335.6,11110.6,7763.7,6487.9,13425.0,8174.1,6674.5,1916.0,10246.8,14556.6,8427.0,5129.7,9649.2,9947.1,7306.1,6794.8,5962.5,8326.0,6092.8,677.7,172.2,15367.9,2902.3,6364.8,5816.9,5184.9,1545.0,976.2,14635.0,2492.1,15500.5,7991.3,6125.6,14052.8,18048.8,11263.9,10391.1,6090.1,6349.5,9709.4,7505.4,1505.2,13578.9,6392.4,9851.6,11151.2,11178.0,11789.6,8177.3,10904.0,12126.1,15510.5,8189.3,9692.8,11115.8,5956.4,8197.4,7239.3,8172.4,6994.0,15517.8,12687.0,11233.8,17038.9,14683.8,6231.2,7736.0,13446.0,452.2,5453.3,13821.0,12357.1,4137.8,15367.5,8645.2,7074.6,12678.6,8051.7,188.5,5783.3,11521.1,9965.7,14229.1,13762.9,6955.2,14934.5,13995.3,2445.6,7485.9,7785.1,12370.7,14728.0,13429.9,8265.5,14999.2,7249.3,12057.0,12609.9,16569.9,9709.6,2194.8,16815.4,4636.3,3303.7,16524.0,8440.1,7904.7,5744.0,372.5,11428.9,8851.3,8426.9,11104.6,10395.1,13626.1,7422.8,100.2,526.8,3245.7,610.1,12466.9,7479.1,7865.6,10943.6,5196.2,8159.1,13196.0,5642.0,17415.6,7984.4,7660.2,15279.3,11856.3,10655.6,8435.3,13906.3,6137.4,15115.0,9915.3,1758.2,7958.2,7809.4,7138.2,9924.7,15346.4,12106.3,11074.8,15853.7,18613.3,6969.4,12301.6,12963.8,856.4,7326.4,9448.8,11317.7,991.1,13353.2,193.7,10536.2,8820.5,11767.9,6451.3,3809.7,5668.9,11495.5,14707.8,7495.7,1359.9,16311.7,12997.4,5225.4,11651.4,10560.5,10884.6
Antarctica,13028.7,12997.5,11457.8,10047.0,13067.8,7202.3,11223.6,0.0,11067.6,5168.7,13205.1,10786.5,8389.0,13662.1,13259.0,12324.2,11777.9,12543.6,10596.3,14455.6,13955.9,11794.9,9385.6,12780.2,12952.9,7524.5,13283.7,6056.8,2326.9,7453.0,8817.7,11283.9,11174.9,13221.6,9708.9,12514.1,8210.1,11771.9,9208.1,16371.7,10259.8,11821.1,9194.7,10148.1,5678.7,14226.4,9326.0,8899.0,10049.7,7532.5,9204.8,10866.3,9196.2,13398.2,11959.4,10731.0,12481.7,13922.7,8031.2,14609.8,10085.3,10879.9,11458.4,9471.3,11534.4,11443.8,8564.7,10399.8,14964.7,5701.6,9754.1,3665.5,15228.0,9815.3,15337.3,13477.4,9445.5,9476.1,4203.4,8301.1,9897.5,12080.8,13420.2,14046.9,9233.9,12361.8,12782.3,16569.3,10545.8,11067.2,12813.1,11693.9,13837.6,9477.5,9715.6,9682.3,11539.3,3935.1,11518.8,13073.4,13656.5,15621.0,11896.4,10581.6,12544.9,12436.4,14288.2,14370.9,12054.9,13025.5,11581.5,15154.1,13809.3,12025.3,14508.3,8707.1,11244.0,13163.9,12081.7,13978.7,12480.3,14772.1,12377.5,5311.0,9087.6,11336.5,13599.2,14577.2,13882.8,13037.0,6850.4,7199.2,10793.9,9877.6,10302.1,12378.4,12417.4,10788.1,10706.4,6936.2,7456.5,12880.4,12247.7,13767.5,13212.5,15364.8,13163.0,11042.8,11884.6,6630.4,5913.3,11548.2,12870.0,14138.6,9289.0,7114.1,11240.3,10318.3,9378.1,9516.9,8403.2,15337.4,13061.4,13247.7,15074.4,11413.7,12688.3,11969.9,12159.8,10653.6,10639.9,6623.4,8595.4,12253.0,8319.9,14180.0,12731.9,11311.4,11726.8,8394.2,13570.1,16871.6,8366.4,6803.0,5712.5,11123.7,10708.1,14158.4,10615.9,10112.0,13254.5,8387.0,11445.7,10007.8,13321.0,8573.0,9324.3,10539.1,13824.6,13513.5,10487.4,9430.4,5129.7,2798.5,14873.2,12838.8,10586.2,9994.6,9511.2,17032.7,15084.8,13555.8,12529.5,13394.3,13642.0,7961.4,12012.7,9999.1,9308.3,10640.8,9300.6,10367.1,12126.2,12927.8,13376.5,11818.2,10861.5,11281.2,8765.9,13906.2,11574.5,14496.4,14110.8,5583.4,13748.4,9908.3,13028.3,10043.2,12022.6,10124.2,11071.7,10608.0,7109.8,6484.9
Antigua and Barbuda,12240.5,8119.3,6570.2,12388.1,6576.6,9302.1,186.3,11067.6,0.0,6143.7,10169.4,1012.8,18172.8,7609.8,10362.6,1843.9,11305.5,14583.9,491.6,8480.3,6887.7,2839.2,6975.2,1716.6,14241.5,3694.0,7879.7,10373.2,10025.6,3627.4,14860.2,337.0,17585.8,8525.0,6487.0,15064.7,10308.7,16424.8,8098.7,5719.5,4028.7,2002.1,9033.9,8541.9,5926.5,13965.1,18490.7,17673.8,1941.4,12044.7,11490.2,2509.4,6188.6,7672.8,1750.0,947.6,9398.8,7669.0,9464.0,7292.1,11125.4,187.7,905.6,2757.6,9423.7,2928.7,8055.6,10713.7,8220.2,11159.7,11007.5,7630.9,6540.5,13538.3,8219.5,6665.4,1733.5,10336.6,14371.7,8280.1,4998.7,9602.2,9941.2,7313.7,6658.2,5916.8,8294.6,6202.5,531.3,29.8,15553.7,3037.6,6369.7,5679.4,5048.9,1385.3,1130.4,14453.5,2621.2,15616.8,7985.9,6197.8,14044.1,18146.0,11241.3,10358.6,6113.5,6373.4,9661.9,7480.3,1649.0,13745.3,6396.2,9804.0,11189.4,11050.5,11928.6,8157.0,10864.4,12161.1,15578.8,8217.9,9654.6,10936.2,5810.2,8123.2,7232.6,8195.2,6997.3,15631.9,12526.2,11077.4,17062.9,14604.7,6119.3,7691.1,13617.4,280.2,5349.9,13660.6,12206.7,4302.9,15551.7,8644.0,7055.7,12781.0,8031.2,54.6,5721.0,11356.4,9789.7,14391.3,13788.8,6967.1,15039.4,14022.2,2558.9,7380.7,7657.8,12470.9,14800.6,13577.5,8242.3,15184.1,7290.0,12006.2,12607.3,16752.3,9665.1,2264.3,16987.3,4495.4,3247.5,16669.7,8487.1,7915.5,5712.3,524.6,11382.6,8708.3,8419.3,11218.4,10257.8,13463.6,7237.6,110.0,359.6,3352.6,454.4,12583.2,7461.2,7717.3,10885.7,5069.0,8143.5,13070.9,5499.1,17439.0,7984.2,7650.3,15425.6,11748.3,10474.3,8275.9,14056.4,6108.1,15069.3,9812.9,1584.3,8052.6,7848.1,7130.4,9892.1,15485.3,12129.3,10931.6,15907.6,18799.0,6835.7,12430.0,13060.5,707.4,7273.1,9425.6,11321.7,1168.7,13493.2,357.8,10407.7,8823.9,11719.7,6478.7,3995.6,5524.4,11513.6,14831.6,7470.7,1287.1,16396.3,13116.8,5133.6,11573.9,10401.2,10717.0
Argentina,15667.9,12234.9,10007.7,10421.4,11125.6,8508.5,6269.3,5168.7,6143.7,0.0,14033.0,5677.1,12725.7,12263.0,14236.5,7169.3,13801.2,17064.3,5728.6,13425.1,11881.0,6681.0,8621.4,7832.1,17324.8,2451.9,12236.8,8362.3,5228.0,2916.3,13259.5,6292.1,16248.0,12701.6,8538.2,17342.2,10089.1,16929.1,9311.2,11227.6,7303.8,6652.4,9992.8,10416.5,767.6,18905.4,14482.9,14051.0,4885.1,10675.5,9084.8,5727.5,7861.9,12149.7,6797.7,5634.4,12872.1,12463.2,9331.9,12538.5,12229.2,5963.2,6363.0,4314.9,12170.8,6351.8,8728.1,12203.6,13475.5,8641.3,11867.0,1520.8,12226.4,11068.8,13652.5,11440.7,4811.9,8452.7,9248.3,8671.2,7629.9,12729.1,13997.6,12257.1,8250.4,10198.7,12224.5,12325.1,5613.8,6135.7,16079.9,6611.1,11431.2,7737.9,7498.5,4815.5,6416.5,9059.8,6387.2,18215.1,12553.5,12098.6,15931.1,15655.7,14400.0,13599.5,11481.1,11714.0,12755.6,11765.5,6418.0,18075.1,11434.8,12842.8,15936.4,11014.2,11088.7,12374.3,13714.5,16479.5,17556.6,13375.7,12995.5,8183.0,7474.2,11044.9,11936.3,13253.9,11922.8,18186.2,10404.7,9781.7,15947.4,14159.4,8774.8,11486.9,13538.3,5879.2,8571.6,11076.2,10711.1,7980.7,15165.3,13150.6,11567.2,18624.8,12276.0,6107.3,9730.6,9506.6,7801.1,13296.8,16843.6,12041.1,11677.4,9408.3,6106.0,9700.9,9125.6,10051.5,10821.7,19041.5,12372.9,16357.3,12757.5,14007.0,15656.4,16129.0,12838.4,5494.6,14297.0,1731.3,3432.6,17125.7,6125.3,12806.4,10304.2,6276.8,13816.3,9076.5,12844.0,17323.7,10183.7,10870.6,5264.2,6174.2,5798.5,9482.7,5694.8,10618.7,11897.8,8312.0,13203.5,7778.9,12466.1,12156.4,7462.3,15706.5,12654.1,12203.9,13022.3,12091.0,7701.6,2705.8,18975.7,10646.9,15100.6,11220.4,4751.9,14074.2,13220.5,11833.1,13298.8,18316.8,16136.6,10311.8,17093.1,14680.7,8449.5,10949.3,10306.9,5441.8,11000.4,13218.9,15161.8,6708.3,11940.6,6283.3,10622.2,13385.6,13938.0,11854.6,8986.3,966.4,15646.1,12066.1,11760.1,4973.5,17191.3,11020.7,8721.0,12990.0,9241.9,8954.9
Armenia,2122.5,2101.0,4175.3,15561.5,3608.0,6331.2,10180.3,13205.1,10169.4,14033.0,0.0,11150.7,11671.0,2570.1,216.6,10662.1,1652.1,4597.3,10279.9,1988.1,3338.2,12055.7,5422.1,9228.2,4376.0,12735.2,2295.9,7223.5,11198.2,11603.9,5830.0,10285.4,7963.4,1657.7,5497.5,5181.7,5052.2,6572.1,4867.5,9007.9,7109.7,11340.6,4418.3,3734.8,14539.8,5123.3,8374.1,7874.0,12110.5,5751.7,16872.8,12392.2,6172.1,2497.1,10983.5,11103.9,1161.3,2550.5,5432.9,3143.8,3138.7,10259.7,10674.2,12916.4,1972.4,12385.0,5515.6,2805.3,2501.4,7505.1,3455.5,14292.7,4213.9,14921.6,2758.5,3505.8,10425.1,17165.0,10182.0,5657.0,6544.2,1368.2,286.6,2930.9,5786.1,4381.7,1992.1,5752.7,10514.7,10195.4,9870.2,12289.8,3842.3,6326.4,6648.0,10844.4,10809.8,10678.7,12089.1,6697.0,2194.5,4852.8,3874.7,8285.6,1149.2,769.3,4219.6,3977.0,1360.1,2724.2,11236.0,7777.7,3810.7,1320.3,1954.5,4498.5,14718.8,2032.7,1214.1,2505.8,5868.4,2384.2,1068.2,7907.5,6567.4,2988.2,2942.7,2294.5,3213.9,6661.3,6515.8,6006.8,6934.8,4971.8,5311.4,2718.0,12421.5,10290.3,5668.8,6813.2,5855.8,12196.5,10783.2,1566.2,3121.2,4705.5,2157.9,10223.9,4724.9,6576.4,7501.6,12709.6,3791.2,3300.9,14055.2,15828.2,12224.6,4333.0,4972.1,15955.1,14735.5,6739.1,1965.9,9635.9,3380.2,2301.7,2449.4,9440.1,1260.3,12281.2,11219.9,12762.9,13210.7,7976.4,18164.0,2379.6,4496.0,10448.7,1729.4,5356.6,1755.7,4647.1,4901.7,6860.2,9115.2,10223.7,10341.5,7627.5,10435.3,15373.8,2715.0,5885.3,1794.5,6398.9,2029.7,5069.0,6606.6,7301.4,2220.4,2520.2,12830.3,3869.2,8145.9,13022.2,7007.5,4095.7,5030.7,3346.3,10670.4,4292.7,2883.3,3042.6,791.8,7194.0,2253.7,5246.1,6006.7,9857.9,5590.7,14998.1,15683.3,10601.4,3212.1,850.7,1252.9,10555.4,14065.3,10311.5,4475.4,1438.8,2023.0,3914.1,10570.6,13094.3,1654.3,13803.7,2733.2,11355.5,6746.2,14987.5,5636.0,2738.0,6152.5,6745.3
Aruba,13197.3,9117.2,7578.2,11431.7,7571.9,10053.3,972.6,10786.5,1012.8,5677.1,11150.7,0.0,17161.7,8583.6,11339.7,1590.1,12316.4,15469.0,1134.0,9409.8,7843.8,2058.8,7886.7,2256.5,15101.0,3263.0,8868.8,11007.9,10084.5,3566.0,15794.2,867.6,18049.7,9515.0,7415.6,15900.8,11172.3,17175.5,9012.9,5757.5,4964.5,1372.3,9958.1,9515.3,5336.8,14614.3,19503.2,18604.1,1000.0,12855.9,10493.2,1536.5,7068.6,8657.7,1297.0,104.0,10405.3,8630.1,10301.6,8208.5,12111.9,982.4,688.0,1828.6,10435.8,2056.4,8917.4,11708.7,9114.5,11754.0,11979.3,7196.4,7388.6,12578.6,9083.8,7645.0,2082.9,9343.0,14494.8,9122.2,5918.4,10613.5,10915.4,8267.0,7551.6,6927.3,9297.5,6827.6,910.0,984.0,15233.0,2216.1,7328.3,6574.4,5952.4,1480.2,755.6,14470.9,1783.4,16116.4,8959.9,6983.3,15020.9,18640.4,12236.4,11362.5,7037.1,7295.5,10673.4,8477.9,1000.6,13856.5,7356.7,10815.5,12067.9,11959.7,11050.4,9149.8,11872.8,13046.3,16330.4,9126.4,10662.1,11477.4,6669.1,9131.3,8208.7,9117.3,7958.2,16144.6,13258.5,11851.0,17956.3,15605.3,7082.9,8701.5,12928.3,995.9,6330.3,14384.4,13009.9,3651.0,15034.3,9611.3,8047.1,13398.5,9024.2,959.4,6733.5,12067.4,10395.8,13619.2,14694.6,7912.8,14060.6,13023.2,1655.4,8354.3,8578.4,11489.1,13790.6,13882.2,9238.1,14923.1,8169.5,13018.6,13575.2,16518.3,10675.6,1262.7,16250.3,4171.6,2465.0,16915.8,7475.6,8862.5,6715.2,727.4,12393.9,9566.5,9396.3,11784.9,11133.9,14174.0,7673.7,939.9,986.3,4026.1,944.0,11632.2,8451.4,8555.6,11898.4,5999.7,9131.0,13980.5,6374.2,18328.4,8950.3,8630.7,14557.8,12708.7,10986.7,8058.8,14331.5,7109.1,16080.8,10787.8,1805.4,8738.6,8732.0,8108.2,10896.0,15827.0,13045.6,11779.1,16712.9,18271.2,7738.7,11512.1,12072.9,975.0,8285.6,10421.4,12278.8,1033.6,12611.6,842.6,11315.9,9783.5,12731.5,7392.8,3740.5,5208.9,12442.2,13892.3,8468.2,769.6,17058.2,12171.9,6129.4,12578.4,11159.7,11407.8
Australia,9572.8,13742.3,15282.9,5961.9,15277.2,11994.3,18120.7,8389.0,18172.8,12725.7,11671.0,17161.7,0.0,14207.3,11472.0,16895.3,10573.5,7159.2,18085.7,13260.6,14888.4,15571.4,14610.1,18058.4,7463.9,15039.6,13966.7,10735.6,9985.1,15590.2,6892.2,17982.0,3888.2,13324.8,15130.9,6629.3,11243.9,5222.8,13519.1,14143.6,17500.9,16447.9,12623.3,13223.7,12754.7,7447.7,3386.9,4136.4,16250.0,9449.7,6745.2,15710.1,15288.4,14165.5,16786.5,17225.3,12476.2,14124.1,12015.6,14407.2,10686.2,18104.7,17459.0,15454.4,12448.1,15397.4,13439.2,11115.0,13450.4,9908.7,10772.6,11368.8,14995.2,4821.0,13393.2,15157.4,17532.4,7902.8,6088.6,13176.6,16538.6,12277.0,11887.6,14460.9,14871.5,15961.8,13575.2,14836.0,17855.4,18144.6,4447.1,15344.6,15405.9,15816.7,16440.7,17376.7,17258.0,5829.7,15721.1,5685.7,13833.8,15186.1,7802.5,3448.6,10621.1,11513.8,15579.1,15321.5,12217.2,14379.8,16727.4,6821.0,15384.1,12075.2,10496.4,10605.5,6599.4,13696.4,11012.9,9548.0,6032.4,13480.1,12221.7,10023.2,15592.9,13733.3,14586.7,13528.4,14789.8,5688.7,8844.9,10320.9,4737.9,7246.8,15589.4,14187.5,5409.3,18079.7,16397.3,7739.2,9277.9,14359.5,4048.5,13167.0,14792.1,8537.2,13822.3,18118.7,16151.9,9934.8,11237.4,4493.9,7969.2,14788.2,3290.4,4163.0,15722.5,14374.6,13966.5,5813.1,3401.6,7292.7,13616.3,4878.5,14333.1,9872.6,9222.9,3628.5,12213.7,15926.0,2361.8,14456.9,15089.1,4417.2,9686.2,13852.8,16153.9,17785.7,10496.5,12796.1,13407.7,9954.6,11318.9,7906.3,13298.3,18100.7,18029.9,17442.7,17935.7,5783.8,14385.9,13712.9,10990.4,16506.4,13700.7,8616.3,15932.0,4369.7,13820.8,14179.3,3281.6,10014.7,10407.7,11125.7,6801.2,15755.5,6809.9,11965.7,17423.6,13208.9,13795.6,14691.6,11980.1,5591.7,9625.3,10602.9,5775.7,2005.5,14724.0,6016.7,5211.9,17758.1,14605.5,12435.1,10487.1,17393.1,5072.4,17953.5,11236.5,12974.6,10159.5,15200.6,15186.7,13528.7,10253.8,3622.9,14389.3,17010.9,5156.3,5275.4,16665.3,10278.5,10946.9,10512.5
Austria,4636.5,836.5,2434.9,16292.5,1158.2,6511.9,7614.9,13662.1,7609.8,12263.0,2570.1,8583.6,14207.3,0.0,2756.2,8139.4,3959.0,7060.1,7745.4,1169.4,808.0,9560.2,4390.0,6685.1,6781.3,10466.5,468.4,7801.3,11346.2,9484.9,8183.1,7717.3,10400.9,1009.9,4190.5,7612.4,5834.5,9022.8,4454.6,7275.2,4967.7,8805.8,4574.3,3576.3,12561.3,7154.9,10943.4,10428.9,9550.9,7192.5,17044.9,9833.5,4823.7,273.2,8444.3,8539.0,2085.6,264.8,5754.7,1032.8,4744.1,7707.0,8105.3,10364.6,2700.3,9871.1,5098.9,4274.0,1414.9,8373.2,4906.3,13062.9,2095.2,16305.5,1752.9,950.3,8021.7,16388.5,11951.9,5361.1,4683.9,2458.3,2332.2,503.3,4627.7,2070.3,1107.1,3946.5,7974.8,7635.3,11651.6,9799.1,1282.1,4748.2,4834.5,8373.6,8244.1,12464.3,9565.1,8887.3,376.3,2786.3,6437.8,10778.3,3687.9,2912.5,1736.8,1531.1,2517.0,646.6,8681.2,9178.8,1247.7,2639.0,3848.9,5733.3,15101.9,740.2,3473.3,4729.6,8256.3,1245.4,2341.3,8651.0,5093.6,2362.4,379.4,1069.4,670.4,8863.9,8020.0,7011.5,9473.2,7438.7,3728.4,1286.1,13531.3,7742.0,3727.1,8658.0,7342.7,9938.0,12548.0,1040.6,695.9,6362.9,655.1,7664.2,2532.7,7623.9,7814.5,14156.7,6247.4,840.1,16080.6,18289.2,9683.2,3369.4,4296.3,16821.9,16941.1,8244.0,869.7,11319.6,1494.6,4683.8,4997.5,11554.2,2460.9,9713.3,13402.0,10707.7,10723.8,10214.5,15826.2,591.0,2041.6,7879.1,4043.1,5291.3,814.5,5567.6,5679.1,8635.8,8309.9,7660.8,7796.6,5168.3,7893.4,16210.9,429.3,5300.3,3763.9,4536.5,634.8,7031.7,4993.1,9844.6,404.3,155.5,14715.1,5582.2,8687.5,12277.3,8636.0,1658.2,7588.7,4110.0,8236.0,3370.8,1428.7,485.5,2473.6,9247.2,4604.2,6295.3,8460.5,12320.0,4502.7,15688.7,16955.1,8071.9,1570.8,1922.0,3720.6,7994.8,15248.9,7743.2,5392.6,1242.4,4383.5,1518.8,8364.9,11299.8,3970.2,15635.1,645.5,8820.2,9145.4,16109.1,3544.6,4721.9,6846.3,7511.6
Azerbaijan,1913.5,2311.4,4391.8,15368.0,3809.8,6458.1,10370.6,13259.0,10362.6,14236.5,216.6,11339.7,11472.0,2756.2,0.0,10820.8,1601.7,4385.8,10479.9,2109.5,3513.4,12204.8,5620.6,9394.8,4161.1,12951.6,2497.0,7312.4,11293.5,11820.1,5718.7,10473.5,7752.1,1863.0,5704.1,4968.5,5144.8,6361.0,5043.6,9056.1,7326.1,11502.3,4566.8,3911.0,14750.6,4911.3,8187.7,7704.8,12304.1,5771.4,16686.9,12563.3,6377.7,2693.7,11147.1,11294.6,1365.1,2724.4,5558.0,3287.3,3175.8,10455.4,10854.5,13113.0,2140.9,12538.8,5686.4,2868.5,2599.7,7566.7,3505.3,14465.0,4339.2,14711.7,2835.4,3697.3,10637.4,17033.1,10134.5,5820.0,6759.7,1543.2,428.2,3100.9,5987.2,4592.2,2207.1,5831.5,10713.7,10388.4,9659.7,12437.1,4021.6,6537.5,6862.9,11052.7,10986.6,10626.6,12246.4,6480.6,2379.9,4965.8,3682.3,8079.0,1016.4,843.0,4383.1,4137.2,1529.6,2931.0,11405.9,7586.5,3991.0,1476.2,1772.5,4555.0,14548.3,2238.8,1201.6,2292.5,5653.8,2494.7,1253.0,7977.1,6775.4,3193.6,3131.4,2418.8,3391.9,6444.8,6521.7,6068.8,6734.5,4837.3,5524.6,2934.3,12229.3,10487.2,5885.3,6776.0,5869.3,12298.2,10572.1,1737.9,3321.5,4512.4,2363.5,10417.1,4939.1,6629.1,7609.4,12504.1,3578.6,3468.6,13838.6,15625.3,12387.8,4535.6,5159.5,15753.7,14520.9,6546.1,2175.3,9428.7,3501.2,2211.9,2249.1,9223.7,1433.9,12459.6,11003.4,12977.7,13418.6,7759.8,18231.2,2536.6,4700.1,10634.6,1674.1,5508.6,1943.8,4505.8,4996.6,6831.4,9286.6,10415.4,10539.3,7776.1,10633.8,15177.8,2915.8,6062.0,1817.9,6614.6,2230.2,5028.6,6817.9,7102.4,2397.0,2712.4,12614.9,3878.2,8230.8,13170.2,6807.7,4299.9,4862.3,3468.1,10881.2,4313.4,2989.2,3232.7,962.2,6979.3,2037.3,5311.9,5795.5,9649.3,5790.2,14810.6,15473.0,10802.5,3428.6,1067.2,1037.0,10728.8,13864.2,10499.4,4563.6,1593.1,1945.3,4069.2,10670.0,13300.9,1440.4,13588.3,2939.9,11555.8,6532.4,14784.3,5852.3,2726.8,6241.0,6822.2
Bahamas,12513.4,8814.8,7738.2,10945.2,7304.6,11060.8,1662.6,12324.2,1843.9,7169.3,10662.1,1590.1,16895.3,8139.4,10820.8,0.0,12081.7,14455.9,2286.2,8746.5,7342.1,1442.6,8551.2,1474.1,14046.2,4810.9,8507.1,12193.4,11666.7,5149.5,16154.1,1508.0,16483.7,9137.7,8033.8,14760.9,11919.2,15836.5,9647.5,4170.9,5622.4,693.1,10540.9,9897.2,6747.6,13261.8,18358.0,18461.3,2288.5,13706.4,10267.8,1820.7,7836.8,8276.0,391.0,1667.1,10153.3,8120.9,11127.4,7542.6,12345.8,1981.7,1021.9,2973.6,10417.8,1732.1,9703.0,11889.2,8348.5,12990.3,12308.2,8688.1,6562.7,12079.3,8237.5,7268.7,3492.5,9120.8,16075.3,9952.9,6599.4,10446.5,10394.9,7736.5,8275.2,6866.2,9039.2,5623.7,2181.2,1823.1,13769.0,1684.3,6859.0,7312.1,6679.6,2979.6,853.7,16060.9,1427.5,14612.8,8503.6,6036.2,14351.1,17063.3,11806.8,11046.7,6443.3,6685.2,10508.5,8195.6,766.8,12266.5,6894.9,10647.5,11166.7,12554.1,10307.8,8805.0,11601.3,12131.1,15037.6,8403.0,10417.5,12777.7,7495.6,9242.5,7790.6,8438.3,7473.6,14647.7,14268.8,12797.7,16767.8,15566.2,7573.1,8573.1,11801.4,2061.9,6758.9,15393.8,13876.3,2554.1,13711.0,9098.0,7731.1,12041.1,8685.5,1827.2,6812.0,13128.8,11621.2,12616.0,13772.4,7364.5,13609.9,13232.6,1577.3,8763.1,9200.1,11129.3,13611.8,12323.5,8914.2,13425.5,7394.5,12809.4,12927.6,15021.1,10484.3,1860.7,15164.6,5740.1,3794.9,15327.9,7702.6,8284.6,6553.5,1348.4,12165.0,10351.7,8941.1,10407.1,11846.9,15212.5,9071.0,1737.3,2114.9,3067.4,2153.9,11117.9,8112.7,9402.6,11790.8,6644.1,8748.7,14520.5,7167.0,17081.7,8453.8,8221.4,13729.0,13076.7,12318.1,9631.7,12761.9,6912.0,15670.8,11130.7,3269.5,7563.7,7949.3,7703.3,10595.7,14263.8,12219.4,12558.5,15475.5,16989.4,8431.6,10879.2,11734.2,2331.6,8240.0,10058.6,11629.3,681.4,11852.8,1489.9,11927.1,9228.0,12508.8,6751.7,2193.7,6771.0,11677.2,13279.3,8185.6,2359.7,15636.3,11621.1,6465.8,12636.1,12143.7,12507.9
Bahrain,1868.5,3269.7,4834.9,15596.3,4800.8,5428.6,11350.9,11777.9,11305.5,13801.2,1652.1,12316.4,10573.5,3959.0,1601.7,12081.7,0.0,4008.4,11320.3,3610.3,4765.6,13512.7,5412.0,10614.3,3946.5,13180.7,3575.2,6028.9,9983.7,11934.2,4244.9,11477.9,7206.7,2951.5,5660.0,4613.1,3937.1,5860.8,4545.3,10655.3,7744.7,12733.4,3809.2,3509.0,14467.1,5173.1,7189.4,6544.5,13200.6,4246.2,16890.4,13703.0,6275.1,3807.6,12368.5,12252.8,1936.3,4011.4,4549.3,4704.6,1775.4,11362.7,11937.1,13942.4,1980.0,13812.5,5087.8,1640.8,4143.9,6157.8,2145.1,13598.0,5809.2,14647.7,4410.1,4813.1,11194.7,17766.6,8534.9,5130.8,6984.3,1703.7,1935.7,4397.2,5808.0,5389.2,3056.0,7402.0,11565.3,11333.8,9776.9,13752.8,5230.7,6575.2,7041.7,11716.3,12101.0,9029.2,13499.8,6399.1,3607.8,6468.1,2951.8,7400.2,778.8,1052.0,5688.0,5464.8,1644.4,3897.4,12574.6,8158.5,5193.4,1502.7,2834.8,3180.7,15138.8,3276.8,487.2,2792.3,5330.0,4015.9,1673.1,6594.9,6714.4,3332.0,4296.2,3908.6,4629.3,6350.0,4961.8,4682.5,5970.1,3485.5,5687.8,3615.1,12638.6,11375.5,6258.8,5174.3,4328.6,13812.7,10638.8,3082.6,4356.2,5186.6,3396.2,11359.5,5605.6,5197.6,6424.0,12657.5,3319.6,4768.7,13427.9,14674.5,13595.4,4477.0,4802.4,15810.9,13897.8,7127.1,3167.7,9644.4,4989.5,727.8,1899.8,9050.1,1641.3,13532.8,10650.6,12938.8,14017.1,7527.3,19784.3,3914.6,5618.3,11661.5,84.1,4726.9,3181.8,5652.1,3808.6,5231.8,8562.4,11376.8,11413.2,9124.4,11494.7,15378.3,3969.7,5513.8,605.4,6854.5,3338.0,3426.9,6851.8,6305.2,3681.2,3867.0,12426.4,2347.5,6912.8,12137.5,7268.7,5233.1,3764.5,2580.8,11481.3,5913.3,4517.1,4380.6,1487.7,7024.0,2404.0,3958.2,5323.8,8977.1,5592.7,15169.4,15344.8,11618.4,4038.3,2039.8,1669.4,11877.2,14049.7,11505.7,3354.3,3013.9,427.3,5424.2,12194.6,12974.0,2140.8,13353.5,3907.4,12367.5,6126.5,14876.8,6346.0,1169.9,4977.4,5488.8
Bangladesh,2477.6,6697.1,8692.8,11593.6,8172.2,8774.4,14551.3,12543.6,14583.9,17064.3,4597.3,15469.0,7159.2,7060.1,4385.8,14455.9,4008.4,0.0,14784.0,6112.8,7730.2,15480.5,9407.2,13269.4,424.3,17189.1,6865.0,8740.6,11923.4,15937.3,3881.8,14619.9,3366.3,6244.0,9668.4,607.4,7195.2,1975.4,8470.4,11021.1,11649.9,15125.8,7627.3,7498.1,17827.0,1896.7,4128.3,4028.6,16468.8,6408.0,12883.0,16251.2,10278.6,7044.3,14842.1,15450.6,5593.2,6965.8,8035.2,7292.6,5207.2,14707.0,14861.5,17295.0,5954.7,15857.2,8932.2,5367.1,6365.7,8425.3,5532.7,15971.8,8080.6,10648.3,6385.4,8009.3,15021.8,13812.6,8346.1,8905.6,10963.1,5544.2,4778.7,7302.6,9804.2,8977.8,6583.8,8832.9,15002.7,14606.1,5823.6,15637.4,8248.5,10582.6,11032.3,15428.5,14926.8,8659.4,15686.7,2435.9,6690.9,8507.4,1223.7,3718.4,3712.9,4653.2,8471.9,8211.9,5496.2,7312.1,15192.2,4775.9,8225.7,5369.3,3402.2,6237.5,11277.6,6619.8,4295.9,2425.5,1324.5,6366.1,5377.6,8882.1,10720.0,7283.6,7439.0,6392.4,7630.6,2381.4,6659.9,7341.0,2490.3,2921.4,9671.2,7291.3,8768.6,14754.3,10172.8,6032.4,6363.9,14588.0,6653.6,6020.4,7681.1,2839.9,6743.3,14636.5,9317.0,7575.5,9326.3,8672.4,813.0,7636.2,9529.5,11260.8,15932.4,8483.6,8772.4,11806.0,10147.1,3926.6,6560.7,5749.4,7303.7,3540.3,2208.5,5042.5,5450.7,16313.4,6699.2,16852.9,17783.3,3520.5,16201.9,6695.1,9068.6,14741.8,3959.9,8451.4,6277.0,4355.8,7125.8,6229.5,12049.9,14615.0,14816.4,11497.7,14918.3,11374.6,7279.4,9369.8,4594.1,10827.7,6598.2,4915.4,10859.7,2866.2,6667.3,7045.0,8434.5,5154.2,9367.3,14484.3,3834.1,8669.9,2026.8,6427.0,15266.6,6893.6,6742.5,7545.5,5086.2,3115.3,2466.5,6878.8,1409.9,5270.5,9587.9,11200.7,11364.7,15114.4,7775.3,5424.7,3361.5,14628.3,10056.0,14641.8,6719.7,5820.5,3717.2,8105.3,13247.2,16573.8,3094.8,9380.7,7320.8,15847.4,2165.0,10868.6,10193.2,4463.9,7925.9,8151.1
Barbados,12380.4,8200.6,6521.9,12556.6,6672.2,8964.9,672.4,10596.3,491.6,5728.6,10279.9,1134.0,18085.7,7745.4,10479.9,2286.2,11320.3,14784.0,0.0,8672.6,7054.8,3139.5,6752.8,2184.0,14465.9,3291.2,7984.0,9985.3,9534.3,3147.6,14660.4,795.3,17946.5,8624.3,6283.6,15298.3,10044.4,16691.4,7879.1,6211.1,3836.4,2350.3,8824.7,8398.8,5554.5,14313.7,18397.7,17472.2,1880.8,11745.6,11583.4,2667.7,5935.9,7787.0,2143.7,1039.1,9445.4,7824.7,9179.9,7505.1,11003.3,315.1,1291.1,2645.6,9396.4,3176.7,7788.6,10611.4,8449.9,10758.7,10858.9,7199.8,6818.2,13700.8,8475.1,6795.5,1243.7,10440.6,13886.5,7998.2,4785.8,9619.2,10065.2,7482.4,6418.0,5955.2,8359.0,6599.4,246.4,500.6,16033.0,3317.7,6536.2,5440.5,4818.5,924.2,1504.9,13962.8,2888.7,16007.6,8119.2,6519.4,14142.6,18461.2,11317.0,10411.9,6326.0,6585.7,9677.5,7565.1,1978.5,14228.3,6559.6,9818.6,11418.3,10825.9,12182.0,8251.5,10896.7,12378.8,15859.5,8433.9,9695.3,10517.8,5539.3,8070.7,7366.1,8397.2,7156.8,16018.0,12184.4,10754.8,17214.5,14508.5,5963.3,7722.3,13990.3,226.4,5225.2,13317.2,11902.9,4669.7,15992.5,8785.4,7158.8,13150.5,8125.7,484.8,5714.7,11002.4,9390.2,14722.7,13976.8,7147.9,15166.1,13934.1,2782.9,7239.5,7445.0,12597.3,14832.0,14033.2,8328.7,15668.8,7538.0,12003.0,12728.8,17242.2,9688.9,2377.5,17347.7,4054.5,3008.8,17116.8,8477.6,8089.4,5789.4,937.8,11394.5,8438.9,8545.5,11614.6,10003.5,13113.5,6784.8,577.3,174.4,3754.1,190.5,12759.2,7564.9,7432.1,10867.6,4868.9,8250.4,12847.0,5241.8,17580.6,8130.5,7773.9,15689.9,11582.0,10046.6,7801.0,14515.8,6189.1,15061.9,9670.7,1096.2,8415.4,8089.2,7261.4,9947.0,15922.6,12317.7,10655.7,16150.8,19274.2,6604.7,12645.7,13173.6,331.8,7283.3,9506.9,11465.9,1604.7,13744.3,807.8,10182.0,8976.1,11724.8,6698.8,4461.3,5075.0,11692.1,15021.0,7555.8,1075.9,16709.7,13300.5,5045.7,11498.0,10069.4,10352.8
Belarus,3803.8,1512.3,3568.7,15352.3,2300.7,7255.8,8461.0,14455.6,8480.3,13425.1,1988.1,9409.8,13260.6,1169.4,2109.5,8746.5,3610.3,6112.8,8672.6,0.0,1639.9,10108.8,5431.3,7351.4,5797.1,11551.8,1322.1,8429.7,12197.7,10618.3,7818.1,8544.7,9391.4,1234.0,5286.4,6631.5,6329.3,8038.2,5327.7,7136.6,6123.0,9434.7,5261.0,4320.2,13697.8,6030.8,10142.1,9751.2,10401.6,7422.5,16340.8,10522.9,5938.0,1327.9,9086.4,9377.8,2109.0,962.5,6426.3,1210.9,4823.7,8597.0,8868.3,11229.0,2995.1,10450.2,5995.4,4398.2,573.7,8894.8,5068.4,14223.5,2229.6,15204.4,924.1,2010.8,9069.2,15999.4,12057.8,6229.0,5852.2,2535.2,1703.2,1220.0,5702.5,3226.5,1692.2,3814.9,8889.9,8503.6,10482.4,10338.6,2150.7,5895.0,6001.4,9369.7,8980.1,12565.1,10165.6,7783.3,942.5,2865.1,5651.0,9812.1,3124.8,2594.4,2372.7,2114.6,2577.9,1742.1,9366.1,8016.9,2132.4,2654.1,2778.1,6026.8,14219.9,1340.2,3139.0,3712.9,7239.1,412.0,2292.7,9230.5,6230.4,3166.4,1489.8,310.1,1560.8,7763.6,8232.1,7444.1,8582.7,6946.6,4863.7,2239.2,12436.4,8642.3,4895.9,8682.9,7551.9,10211.4,11378.7,701.2,1862.3,5199.9,1377.1,8533.6,3698.6,8051.2,8542.3,13016.0,5310.4,1527.7,14911.8,17174.2,10321.8,4358.4,5241.8,15867.7,15780.8,7075.5,1422.6,10150.6,1392.7,4285.9,4203.0,10413.9,2486.1,10452.0,12263.8,11845.1,11679.9,9113.3,16192.7,625.9,3149.1,8687.3,3691.4,6083.0,890.0,4421.2,6170.7,8703.2,9367.7,8518.2,8703.8,5685.9,8805.5,15237.1,1566.7,6251.0,3608.3,5704.6,1191.0,6963.2,6145.8,8959.0,803.7,1250.5,13545.7,5633.2,9348.3,13371.1,7466.7,2787.1,6924.4,4535.5,9261.7,2664.0,910.6,1594.2,2272.3,8109.8,3649.9,6689.7,7485.2,11309.5,5559.6,14736.6,15897.9,9003.7,2637.3,1730.3,2895.6,8707.3,14165.5,8568.7,5815.5,634.2,4001.4,2022.5,8587.9,12463.7,3034.4,14468.7,1744.9,9734.8,8124.2,15059.1,4711.8,4597.5,7406.1,8057.8
